[[0, 0, 0, 0, 0, 0, 0, 0, 0, 0, 0, 0, 0, 0, 0, 0, 0, 0, 0, 0, 0, 0, 0, 0, 0],
 [0, 19, 10, 14, 10, 10, 27, 27, 10, 14, 17, 24, 22, 29, 10, 30, 27, 19, 15, 20, 17, 16, 28, 21, 0],
 [0, 12, 22, 10, 20, 18, 21, 30, 19, 19, 19, 18, 25, 20, 26, 28, 17, 26, 10, 30, 21, 11, 28, 14, 0],
 [0, 17, 13, 24, 23, 28, 27, 18, 23, 15, 15, 23, 29, 24, 25, 24, 30, 28, 16, 21, 23, 26, 25, 15, 0],
 [0, 14, 12, 19, 28, 22, 29, 18, 28, 17, 21, 16, 22, 29, 25, 16, 30, 24, 28, 29, 15, 22, 30, 24, 0],
 [0, 21, 27, 18, 14, 18, 13, 19, 23, 12, 11, 27, 17, 14, 18, 26, 11, 25, 24, 25, 28, 27, 17, 13, 0],
 [0, 23, 25, 17, 21, 10, 17, 27, 27, 10, 19, 17, 19, 13, 21, 25, 28, 19, 14, 14, 18, 22, 30, 28, 0],
 [0, 10, 18, 14, 14, 20, 26, 26, 29, 24, 20, 18, 13, 21, 23, 17, 21, 10, 25, 22, 14, 18, 24, 24, 0],
 [0, 14, 28, 12, 28, 21, 25, 25, 28, 23, 18, 10, 23, 15, 13, 14, 10, 26, 14, 26, 19, 10, 23, 16, 0],
 [0, 30, 20, 19, 20, 19, 14, 25, 13, 30, 10, 26, 30, 15, 13, 19, 23, 19, 18, 16, 18, 14, 11, 21, 0],
 [0, 30, 17, 24, 16, 16, 22, 12, 14, 15, 29, 14, 21, 23, 10, 27, 22, 12, 16, 21, 20, 27, 23, 15, 0],
 [0, 17, 24, 20, 30, 11, 21, 25, 10, 30, 24, 30, 26, 19, 23, 16, 27, 15, 18, 29, 12, 25, 26, 11, 0],
 [0, 21, 26, 16, 27, 27, 22, 17, 24, 24, 14, 28, 29, 27, 10, 24, 15, 24, 18, 28, 25, 23, 30, 13, 0],
 [0, 19, 22, 18, 21, 11, 13, 11, 23, 20, 27, 22, 18, 25, 23, 30, 30, 18, 29, 18, 22, 10, 29, 14, 0],
 [0, 20, 12, 18, 14, 19, 25, 30, 28, 23, 28, 26, 17, 29, 11, 21, 16, 12, 29, 20, 24, 23, 25, 28, 0],
 [0, 21, 19, 15, 12, 22, 10, 10, 30, 14, 18, 11, 21, 18, 16, 12, 10, 11, 16, 15, 16, 25, 24, 11, 0],
 [0, 12, 20, 22, 30, 12, 17, 11, 11, 29, 11, 23, 17, 11, 25, 30, 28, 30, 11, 24, 14, 23, 28, 13, 0],
 [0, 21, 28, 25, 22, 24, 21, 15, 10, 29, 19, 27, 14, 19, 16, 26, 26, 29, 10, 26, 10, 19, 21, 27, 0],
 [0, 14, 30, 20, 28, 14, 18, 29, 29, 22, 13, 24, 15, 19, 19, 18, 14, 26, 23, 30, 26, 11, 13, 25, 0],
 [0, 28, 19, 16, 11, 26, 27, 12, 30, 30, 26, 10, 29, 16, 26, 29, 20, 19, 15, 20, 17, 27, 23, 15, 0],
 [0, 11, 11, 24, 12, 26, 15, 29, 28, 18, 10, 13, 18, 29, 28, 18, 27, 30, 23, 25, 12, 29, 23, 22, 0],
 [0, 21, 27, 28, 23, 12, 17, 29, 21, 28, 12, 27, 24, 25, 16, 11, 26, 25, 14, 12, 16, 13, 24, 12, 0],
 [0, 18, 11, 16, 27, 26, 29, 13, 26, 29, 30, 29, 15, 13, 19, 11, 21, 21, 16, 27, 13, 21, 16, 11, 0],
 [0, 27, 23, 20, 29, 27, 22, 26, 24, 26, 22, 21, 10, 17, 28, 25, 27, 24, 10, 30, 25, 17, 18, 27, 0],
 [0, 0, 0, 0, 0, 0, 0, 0, 0, 0, 0, 0, 0, 0, 0, 0, 0, 0, 0, 0, 0, 0, 0, 0, 0]]